function rst = map(QrcodeVersion)
mQrcodeVersion = QrcodeVersion;
%version1
a = [
00 00 00 00 00 00 00 01   00 186 187 170 171   01 00 00 00 00 00 00 00;
00 01 01 01 01 01 00 01   00 184 185 172 173   01 00 01 01 01 01 01 00;
00 01 00 00 00 01 00 01   00 182 183 174 175   01 00 01 00 00 00 01 00;
00 01 00 00 00 01 00 01   00 180 181 176 177   01 00 01 00 00 00 01 00;
00 01 00 00 00 01 00 01   00 196 197 160 161   01 00 01 00 00 00 01 00;
00 01 01 01 01 01 00 01   00 195 195 162 163   01 00 01 01 01 01 01 00;
00 00 00 00 00 00 00 01   00 01  00  01  00    01 00 00 00 00 00 00 00;


01 01 01 01 01 01 01 01 00  192 193 164 165  01 01  01  01  01 01 01 01;
00 00 00 00 00 00 00 00 00  190 191 166 167  00 00  00  00  00 00 00 00;
266 267 250 251 246 247 01  230 231 206 207 150 151 106 107 90 91 46 47 30 31;
264 265 252 253 244 245 00  232 233 204 205 152 153 104 105 92 93 44 45 32 33;
262 263 254 255 242 243 01  234 235 202 203 154 155 102 103 94 95 42 43 34 35;
260 261 256 257 240 241 00  236 237 200 201 156 157 100 101 96 97 40 41 36 37;
01 01 01 01 01 01 01 01 00  216 217 140 141 116 117 80 81 56 57 20 21;


00 00 00 00 00 00 00 01   00  214 215 142 143 114 115 82 83 54 55 22 23;
00 01 01 01 01 01 00 01   00  212 213 144 145 112 113 84 85 52 53 24 25;
00 01 00 00 00 01 00 01   00  210 211 146 147 110 111 86 87 50 51 26 27;
00 01 00 00 00 01 00 01   00  226 227 130 131 126 127 70 71 66 67 10 11;
00 01 00 00 00 01 00 01   00  224 225 132 133 124 125 72 73 64 65 12 13;
00 01 01 01 01 01 00 01   00  222 223 134 135 122 123 74 75 62 63 14 15;
00 00 00 00 00 00 00 01   00  220 221 136 137 120 121 76 77 60 61 16 17;
];



%version2
b = [
00  00  00  00  00  00  00  01  00  327 310 311 312 207 190 191 192  01 00  00  00  00  00  00  00;
00  01  01  01  01  01  00  01  00  325 326 313 314 205 206 193 194  01 00  01  01  01  01  01  00;
00  01  00  00  00  01  00  01  00  323 324 315 316 203 204 195 196  01 00  01  00  00  00  01  00;
00  01  00  00  00  01  00  01  00  321 322 317 300 201 202 197 180  01 00  01  00  00  00  01  00;
00  01  00  00  00  01  00  01  00  337 320 301 302 217 200 181 182  01 00  01  00  00  00  01  00;
00  01  01  01  01  01  00  01  00  335 336 303 304 215 216 183 184  01 00  01  01  01  01  01  00;
00  00  00  00  00  00  00  01  00  01  00  01  00  01  00  01  00   01 00  00  00  00  00  00  00;


01  01  01  01  01  01  01  01  00  333 334 305 306 213 214 185 186  01 01  01  01  01  01  01  01;
00  00  00  00  00  00  00  00  00  331 332 307 290 211 212 187 170  00 00  00  00  00  00  00  00;
447 430 431 432 407 390 01  391 392 347 330 291 292 227 210 171 172 110 111 112 113 56  57  40  41;
445 446 433 434 405 406 00  393 394 345 346 293 294 225 226 173 174 126 127 114 115 54  55  42  43;
443 444 435 436 403 404 01  395 396 343 344 295 296 223 224 175 176 124 125 116 117 52  53  44  45;
441 442 437 420 401 402 00  397 380 341 342 297 280 221 222 177 160 122 123 100 101 50  51  46  47;
999 440 421 422 417 400 01  381 382 357 340 281 282 237 220 161 162 120 121 102 103 66  67  30  31;
999 999 423 424 415 416 00  383 384 355 356 283 284 235 236 163 164 136 137 104 105 64  65  32  33;
999 999 425 426 413 414 01  385 386 353 354 285 286 233 234 165 166 134 135 106 107 62  63  34  35;
999 999 427 410 411 412 00  387 370 351 352 287 270 231 232 167 00  00  00  00  00  60  61  36  37;
01  01  01  01  01  01  01  01  00  367 350 271 272 247 230 150 00  01  01  01  00  76  77  20  21;


00  00  00  00  00  00  00  01  00  365 366 273 274 245 246 151 00  01  00  01  00  74  75  22  23;
00  01  01  01  01  01  00  01  00  363 364 275 276 243 244 152 00  01  01  01  00  72  73  24  25;
00  01  00  00  00  01  00  01  00  361 362 277 260 241 242 153 00  00  00  00  00  70  71  26  27;
00  01  00  00  00  01  00  01  00  377 360 261 262 257 240 154 155 132 133 90  91  86  87  10  11;
00  01  00  00  00  01  00  01  00  375 376 263 264 255 256 156 157 130 131 92  93  84  85  12  13;
00  01  01  01  01  01  00  01  00  373 374 265 266 253 254 140 141 146 147 94  95  82  83  14  15;
00  00  00  00  00  00  00  01  00  371 372 267 250 251 252 142 143 144 145 96  97  80  81  16  17;
];



%version3
c = [
00  00  00  00  00  00  00  01  00  537 520 521 522 397 380 381 382 257 240 241 242  01 00  00  00  00  00  00  00;
00  01  01  01  01  01  00  01  00  535 536 523 524 395 396 383 384 255 256 243 244  01 00  01  01  01  01  01  00;
00  01  00  00  00  01  00  01  00  533 534 525 526 393 394 385 386 253 254 245 246  01 00  01  00  00  00  01  00;
00  01  00  00  00  01  00  01  00  531 532 527 510 391 392 387 370 251 252 247 230  01 00  01  00  00  00  01  00;
00  01  00  00  00  01  00  01  00  547 530 511 512 407 390 371 372 267 250 231 232  01 00  01  00  00  00  01  00;
00  01  01  01  01  01  00  01  00  545 546 513 514 405 406 373 374 265 266 233 234  01 00  01  01  01  01  01  00;
00  00  00  00  00  00  00  01  00  01  00  01  00  01  00  01  00  01  00  01  00   01 00  00  00  00  00  00  00;


01  01  01  01  01  01  01  01  00  543 544 515 516 403 404 375 376 263 264 235 236  01 01  01  01  01  01  01  01;
00  00  00  00  00  00  00  00  00  541 542 517 500 401 402 377 360 261 262 237 220  00 00  00  00  00  00  00  00;
697 680 681 682 637 620 01  621 622 557 540 501 502 417 400 361 362 277 260 221 222 140 141 142 143 66  67  50  51;
695 696 683 684 635 636 00  623 624 555 556 503 504 415 416 363 364 275 276 223 224 156 157 144 145 64  65  52  53;
693 694 685 686 633 634 01  625 626 553 554 505 506 413 414 365 366 273 274 225 226 154 155 146 147 62  63  54  55;
691 692 687 670 631 632 00  627 610 551 552 507 490 411 412 367 350 271 272 227 210 152 153 130 131 60  61  56  57;
707 690 671 672 647 630 01  611 612 567 550 491 492 427 410 351 352 287 270 211 212 150 151 132 133 76  77  40  41;
705 706 673 674 645 646 00  613 614 565 566 493 494 425 426 353 354 285 286 213 214 166 167 134 135 74  75  42  43;
703 704 675 676 643 644 01  615 616 563 564 495 496 423 424 355 356 283 284 215 216 164 165 136 137 72  73  44  45;
701 702 677 660 641 642 00  617 600 561 562 497 480 421 422 357 340 281 282 217 200 162 163 120 121 70  71  46  47;
999 700 661 662 657 640 01  601 602 577 570 481 482 437 420 341 342 297 280 201 202 160 161 122 123 86  87  30  31;
999 999 663 664 655 656 00  603 604 575 576 483 484 435 436 343 344 295 296 203 204 176 177 124 125 84  85  32  33;
999 999 665 666 653 654 01  605 606 573 574 485 486 433 434 345 346 293 294 205 206 174 175 126 127 82  83  34  35;
999 999 667 650 651 652 00  607 590 571 572 487 470 431 432 347 330 291 292 207 00  00  00  00  00  80  81  36  37;
01  01  01  01  01  01  01  01  00  587 570 471 472 447 430 331 332 307 290 190 00  01  01  01  00  96  97  20  21;


00  00  00  00  00  00  00  01  00  585 586 473 474 445 446 333 334 305 306 191 00  01  00  01  00  94  95  22  23;
00  01  01  01  01  01  00  01  00  583 584 475 476 443 444 335 336 303 304 192 00  01  01  01  00  92  93  24  25;
00  01  00  00  00  01  00  01  00  581 582 477 460 441 442 337 320 301 302 193 00  00  00  00  00  90  91  26  27;
00  01  00  00  00  01  00  01  00  597 580 461 462 457 440 321 322 317 300 194 195 172 173 110 111 106 107 10  11;
00  01  00  00  00  01  00  01  00  595 596 463 464 455 456 323 324 315 316 196 197 170 171 112 113 104 105 12  13;
00  01  01  01  01  01  00  01  00  593 594 465 466 453 454 325 326 313 314 180 181 186 187 114 115 102 103 14  15;
00  00  00  00  00  00  00  01  00  591 592 467 450 451 452 327 310 311 312 182 183 184 185 116 117 100 101 16  17;
];



%version4
